{
 "cells": [
  {
   "cell_type": "markdown",
   "id": "e01ed9e8",
   "metadata": {},
   "source": [
    "Лабораторная работа №1\n",
    "Выполнил студент группы БФИ2001 Аржановой Анастасии"
   ]
  },
  {
   "cell_type": "markdown",
   "id": "540c57d2",
   "metadata": {},
   "source": [
    "Задание №1\n",
    "Вызвать функцию print() и передать туда строку Hello, World! "
   ]
  },
  {
   "cell_type": "code",
   "execution_count": 1,
   "id": "a705b6d3",
   "metadata": {},
   "outputs": [
    {
     "name": "stdout",
     "output_type": "stream",
     "text": [
      "Hello, World!\n"
     ]
    }
   ],
   "source": [
    "print(\"Hello, World!\")"
   ]
  },
  {
   "cell_type": "raw",
   "id": "b83c7e17",
   "metadata": {},
   "source": [
    "Задание №2\n",
    "Написать генератор случайных матриц(многомерных), который принимает опциональные параметры m, n, min_limit, max_limit, где m и n указывают размер матрицы, а min_lim и max_lim - минимальное и максимальное значение для генерируемого числа."
   ]
  },
  {
   "cell_type": "code",
   "execution_count": 2,
   "id": "eeb0b36a",
   "metadata": {},
   "outputs": [],
   "source": [
    "from random import randint\n",
    "from random import choice\n",
    "import copy\n",
    "import time\n",
    "import math"
   ]
  },
  {
   "cell_type": "code",
   "execution_count": 9,
   "id": "67286d06",
   "metadata": {},
   "outputs": [
    {
     "name": "stdout",
     "output_type": "stream",
     "text": [
      "20\n",
      "20\n",
      "-250\n",
      "101\n"
     ]
    },
    {
     "data": {
      "text/plain": [
       "[[56,\n",
       "  -96,\n",
       "  -86,\n",
       "  -220,\n",
       "  -122,\n",
       "  -101,\n",
       "  -33,\n",
       "  -39,\n",
       "  17,\n",
       "  -123,\n",
       "  -129,\n",
       "  -160,\n",
       "  36,\n",
       "  -219,\n",
       "  78,\n",
       "  -120,\n",
       "  -223,\n",
       "  38,\n",
       "  -163,\n",
       "  -136],\n",
       " [-77,\n",
       "  -204,\n",
       "  -22,\n",
       "  -109,\n",
       "  -139,\n",
       "  -240,\n",
       "  -11,\n",
       "  57,\n",
       "  -222,\n",
       "  20,\n",
       "  -248,\n",
       "  -106,\n",
       "  83,\n",
       "  -231,\n",
       "  21,\n",
       "  -57,\n",
       "  -34,\n",
       "  -18,\n",
       "  -103,\n",
       "  43],\n",
       " [-230,\n",
       "  -169,\n",
       "  -171,\n",
       "  22,\n",
       "  -199,\n",
       "  59,\n",
       "  24,\n",
       "  -57,\n",
       "  -43,\n",
       "  -49,\n",
       "  -123,\n",
       "  70,\n",
       "  -111,\n",
       "  -39,\n",
       "  -147,\n",
       "  89,\n",
       "  -9,\n",
       "  -28,\n",
       "  -92,\n",
       "  17],\n",
       " [-175,\n",
       "  69,\n",
       "  -185,\n",
       "  -150,\n",
       "  -80,\n",
       "  -219,\n",
       "  -6,\n",
       "  -186,\n",
       "  -5,\n",
       "  -8,\n",
       "  -93,\n",
       "  -118,\n",
       "  -142,\n",
       "  -57,\n",
       "  -134,\n",
       "  -126,\n",
       "  -43,\n",
       "  -55,\n",
       "  -243,\n",
       "  6],\n",
       " [-228,\n",
       "  -201,\n",
       "  -36,\n",
       "  56,\n",
       "  -136,\n",
       "  -80,\n",
       "  -137,\n",
       "  -214,\n",
       "  60,\n",
       "  38,\n",
       "  -171,\n",
       "  -59,\n",
       "  -80,\n",
       "  -70,\n",
       "  -5,\n",
       "  -227,\n",
       "  -56,\n",
       "  -21,\n",
       "  -132,\n",
       "  35],\n",
       " [-247,\n",
       "  -225,\n",
       "  -201,\n",
       "  -179,\n",
       "  -179,\n",
       "  -138,\n",
       "  -58,\n",
       "  23,\n",
       "  -100,\n",
       "  -224,\n",
       "  30,\n",
       "  -52,\n",
       "  -134,\n",
       "  -103,\n",
       "  33,\n",
       "  11,\n",
       "  -109,\n",
       "  -97,\n",
       "  -198,\n",
       "  -167],\n",
       " [31,\n",
       "  50,\n",
       "  101,\n",
       "  -190,\n",
       "  -237,\n",
       "  100,\n",
       "  -187,\n",
       "  -69,\n",
       "  -188,\n",
       "  75,\n",
       "  -9,\n",
       "  -70,\n",
       "  -1,\n",
       "  97,\n",
       "  -113,\n",
       "  -151,\n",
       "  79,\n",
       "  -212,\n",
       "  -12,\n",
       "  -7],\n",
       " [15,\n",
       "  -55,\n",
       "  -127,\n",
       "  52,\n",
       "  -134,\n",
       "  57,\n",
       "  -200,\n",
       "  -54,\n",
       "  70,\n",
       "  93,\n",
       "  88,\n",
       "  -142,\n",
       "  -80,\n",
       "  -198,\n",
       "  -212,\n",
       "  -130,\n",
       "  -15,\n",
       "  -30,\n",
       "  -172,\n",
       "  -210],\n",
       " [-202,\n",
       "  -241,\n",
       "  -174,\n",
       "  74,\n",
       "  50,\n",
       "  32,\n",
       "  -32,\n",
       "  -158,\n",
       "  -189,\n",
       "  93,\n",
       "  -143,\n",
       "  -72,\n",
       "  -67,\n",
       "  58,\n",
       "  -106,\n",
       "  -28,\n",
       "  -158,\n",
       "  -175,\n",
       "  -150,\n",
       "  51],\n",
       " [-177,\n",
       "  -239,\n",
       "  -63,\n",
       "  78,\n",
       "  91,\n",
       "  47,\n",
       "  -242,\n",
       "  17,\n",
       "  33,\n",
       "  -174,\n",
       "  73,\n",
       "  -239,\n",
       "  28,\n",
       "  99,\n",
       "  33,\n",
       "  -157,\n",
       "  -63,\n",
       "  -87,\n",
       "  12,\n",
       "  -230],\n",
       " [-173,\n",
       "  80,\n",
       "  -98,\n",
       "  -30,\n",
       "  -73,\n",
       "  -184,\n",
       "  -89,\n",
       "  -158,\n",
       "  -44,\n",
       "  -92,\n",
       "  -120,\n",
       "  -199,\n",
       "  -201,\n",
       "  -144,\n",
       "  -34,\n",
       "  28,\n",
       "  -20,\n",
       "  -63,\n",
       "  37,\n",
       "  -241],\n",
       " [-203,\n",
       "  -204,\n",
       "  -202,\n",
       "  82,\n",
       "  54,\n",
       "  -60,\n",
       "  -250,\n",
       "  91,\n",
       "  54,\n",
       "  5,\n",
       "  -158,\n",
       "  11,\n",
       "  94,\n",
       "  -8,\n",
       "  -229,\n",
       "  -214,\n",
       "  -224,\n",
       "  -37,\n",
       "  -152,\n",
       "  -62],\n",
       " [-240,\n",
       "  -201,\n",
       "  94,\n",
       "  -112,\n",
       "  -195,\n",
       "  64,\n",
       "  88,\n",
       "  28,\n",
       "  -207,\n",
       "  46,\n",
       "  -243,\n",
       "  -136,\n",
       "  31,\n",
       "  -195,\n",
       "  -67,\n",
       "  -117,\n",
       "  -204,\n",
       "  -104,\n",
       "  -70,\n",
       "  75],\n",
       " [-240,\n",
       "  -206,\n",
       "  -224,\n",
       "  -153,\n",
       "  -105,\n",
       "  -94,\n",
       "  -59,\n",
       "  -167,\n",
       "  -79,\n",
       "  66,\n",
       "  -76,\n",
       "  -179,\n",
       "  -34,\n",
       "  -177,\n",
       "  32,\n",
       "  -75,\n",
       "  -122,\n",
       "  -45,\n",
       "  -156,\n",
       "  -38],\n",
       " [-112,\n",
       "  -48,\n",
       "  -29,\n",
       "  -234,\n",
       "  95,\n",
       "  -226,\n",
       "  -170,\n",
       "  -134,\n",
       "  -5,\n",
       "  -116,\n",
       "  78,\n",
       "  -118,\n",
       "  46,\n",
       "  -193,\n",
       "  -173,\n",
       "  -34,\n",
       "  -110,\n",
       "  63,\n",
       "  -68,\n",
       "  -82],\n",
       " [-134,\n",
       "  -111,\n",
       "  -65,\n",
       "  -204,\n",
       "  39,\n",
       "  34,\n",
       "  -125,\n",
       "  -169,\n",
       "  -171,\n",
       "  28,\n",
       "  -202,\n",
       "  22,\n",
       "  35,\n",
       "  -159,\n",
       "  -233,\n",
       "  -63,\n",
       "  -14,\n",
       "  25,\n",
       "  -140,\n",
       "  -234],\n",
       " [-239,\n",
       "  -247,\n",
       "  -51,\n",
       "  87,\n",
       "  11,\n",
       "  -19,\n",
       "  -148,\n",
       "  -187,\n",
       "  -31,\n",
       "  98,\n",
       "  -35,\n",
       "  -15,\n",
       "  -172,\n",
       "  -103,\n",
       "  88,\n",
       "  12,\n",
       "  -134,\n",
       "  22,\n",
       "  -244,\n",
       "  -142],\n",
       " [-163,\n",
       "  -123,\n",
       "  30,\n",
       "  -3,\n",
       "  -24,\n",
       "  57,\n",
       "  -145,\n",
       "  -129,\n",
       "  -79,\n",
       "  58,\n",
       "  9,\n",
       "  -151,\n",
       "  61,\n",
       "  75,\n",
       "  -132,\n",
       "  -202,\n",
       "  17,\n",
       "  12,\n",
       "  -176,\n",
       "  70],\n",
       " [-1,\n",
       "  -244,\n",
       "  -176,\n",
       "  -181,\n",
       "  69,\n",
       "  -145,\n",
       "  -93,\n",
       "  -69,\n",
       "  -180,\n",
       "  -55,\n",
       "  -84,\n",
       "  58,\n",
       "  30,\n",
       "  -74,\n",
       "  -55,\n",
       "  -47,\n",
       "  -138,\n",
       "  -6,\n",
       "  -86,\n",
       "  -30],\n",
       " [-41,\n",
       "  -1,\n",
       "  -223,\n",
       "  -239,\n",
       "  9,\n",
       "  -129,\n",
       "  87,\n",
       "  17,\n",
       "  -31,\n",
       "  -36,\n",
       "  -110,\n",
       "  -84,\n",
       "  -22,\n",
       "  -235,\n",
       "  66,\n",
       "  -38,\n",
       "  -179,\n",
       "  -200,\n",
       "  -119,\n",
       "  74]]"
      ]
     },
     "execution_count": 9,
     "metadata": {},
     "output_type": "execute_result"
    }
   ],
   "source": [
    "m = int(input())\n",
    "n = int(input())\n",
    "min_limit = int(input())\n",
    "max_limit = int(input())\n",
    "m, n, min_limit, max_limit\n",
    "a = [[randint(min_limit, max_limit) for j in range(m)] for i in range(n)]\n",
    "a"
   ]
  },
  {
   "cell_type": "markdown",
   "id": "a3f0a7fc",
   "metadata": {},
   "source": [
    "Задание №3\n",
    "Реализовать методы сортировки строк числовой матрицы в соответствии с заданием. Оценить время работы каждого алгоритма сортировки и сравнить его со временем стандартной функции сортировки. Испытания проводить на сгенерированных матрицах."
   ]
  },
  {
   "cell_type": "code",
   "execution_count": 10,
   "id": "e5d0d126",
   "metadata": {},
   "outputs": [
    {
     "name": "stdout",
     "output_type": "stream",
     "text": [
      "--- 0 ms ---\n",
      "-223 -220 -219 -163 -160 -136 -129 -123 -122 -120 -101 -96 -86 -39 -33 17 36 38 56 78  \n",
      "-248 -240 -231 -222 -204 -139 -109 -106 -103 -77 -57 -34 -22 -18 -11 20 21 43 57 83  \n",
      "-230 -199 -171 -169 -147 -123 -111 -92 -57 -49 -43 -39 -28 -9 17 22 24 59 70 89  \n",
      "-243 -219 -186 -185 -175 -150 -142 -134 -126 -118 -93 -80 -57 -55 -43 -8 -6 -5 6 69  \n",
      "-228 -227 -214 -201 -171 -137 -136 -132 -80 -80 -70 -59 -56 -36 -21 -5 35 38 56 60  \n",
      "-247 -225 -224 -201 -198 -179 -179 -167 -138 -134 -109 -103 -100 -97 -58 -52 11 23 30 33  \n",
      "-237 -212 -190 -188 -187 -151 -113 -70 -69 -12 -9 -7 -1 31 50 75 79 97 100 101  \n",
      "-212 -210 -200 -198 -172 -142 -134 -130 -127 -80 -55 -54 -30 -15 15 52 57 70 88 93  \n",
      "-241 -202 -189 -175 -174 -158 -158 -150 -143 -106 -72 -67 -32 -28 32 50 51 58 74 93  \n",
      "-242 -239 -239 -230 -177 -174 -157 -87 -63 -63 12 17 28 33 33 47 73 78 91 99  \n",
      "-241 -201 -199 -184 -173 -158 -144 -120 -98 -92 -89 -73 -63 -44 -34 -30 -20 28 37 80  \n",
      "-250 -229 -224 -214 -204 -203 -202 -158 -152 -62 -60 -37 -8 5 11 54 54 82 91 94  \n",
      "-243 -240 -207 -204 -201 -195 -195 -136 -117 -112 -104 -70 -67 28 31 46 64 75 88 94  \n",
      "-240 -224 -206 -179 -177 -167 -156 -153 -122 -105 -94 -79 -76 -75 -59 -45 -38 -34 32 66  \n",
      "-234 -226 -193 -173 -170 -134 -118 -116 -112 -110 -82 -68 -48 -34 -29 -5 46 63 78 95  \n",
      "-234 -233 -204 -202 -171 -169 -159 -140 -134 -125 -111 -65 -63 -14 22 25 28 34 35 39  \n",
      "-247 -244 -239 -187 -172 -148 -142 -134 -103 -51 -35 -31 -19 -15 11 12 22 87 88 98  \n",
      "-202 -176 -163 -151 -145 -132 -129 -123 -79 -24 -3 9 12 17 30 57 58 61 70 75  \n",
      "-244 -181 -180 -176 -145 -138 -93 -86 -84 -74 -69 -55 -55 -47 -30 -6 -1 30 58 69  \n",
      "-239 -235 -223 -200 -179 -129 -119 -110 -84 -41 -38 -36 -31 -22 -1 9 17 66 74 87  \n"
     ]
    }
   ],
   "source": [
    "# Сортировка выбором.\n",
    "# Берётся срез массива, в котором минимальный элемент переносят в самый левый угол,\n",
    "# после чего срез уменьшается и цикл повторяется.\n",
    "def sort(a,m):\n",
    "    for q in range(m):#выбираем одну из м строчек матрицы \n",
    "        for i in range(len(a[q])-1):# проходимся по строке матрицы\n",
    "            ind = i# записываем индек проверяемого значения, будет минимальный индекс\n",
    "            for y in range(i+1, len(a[q])):# проыеряем все значения от выдбранного значения и до конца\n",
    "                if a[q][y]<a[q][ind]:# проверяем что значение с выбранным ранее индексом больше чем значение сейчас\n",
    "                    ind = y #записываем в индекс значения если проверка прошла\n",
    "            a[q][i],a[q][ind] = a[q][ind],a[q][i]#переставляем индыксы, что бы мин было ближе к началу\n",
    "    return a\n",
    "\n",
    "a1=a.copy()\n",
    "start_time = time.time ()\n",
    "sort(a1,m)\n",
    "print(\"--- {0} ms ---\".format(round((time.time() - start_time)*1000)))\n",
    "for k in range(m):# вывод ввиде матрицы\n",
    "    for y in range(len(a1[k])):\n",
    "        print(a1[k][y],end=' ')\n",
    "    print(\" \")"
   ]
  },
  {
   "cell_type": "code",
   "execution_count": 11,
   "id": "0c63d6f2",
   "metadata": {},
   "outputs": [
    {
     "name": "stdout",
     "output_type": "stream",
     "text": [
      "--- 0 ms ---\n",
      "[-223, -220, -219, -163, -160, -136, -129, -123, -122, -120, -101, -96, -86, -39, -33, 17, 36, 38, 56, 78]\n",
      "[-248, -240, -231, -222, -204, -139, -109, -106, -103, -77, -57, -34, -22, -18, -11, 20, 21, 43, 57, 83]\n",
      "[-230, -199, -171, -169, -147, -123, -111, -92, -57, -49, -43, -39, -28, -9, 17, 22, 24, 59, 70, 89]\n",
      "[-243, -219, -186, -185, -175, -150, -142, -134, -126, -118, -93, -80, -57, -55, -43, -8, -6, -5, 6, 69]\n",
      "[-228, -227, -214, -201, -171, -137, -136, -132, -80, -80, -70, -59, -56, -36, -21, -5, 35, 38, 56, 60]\n",
      "[-247, -225, -224, -201, -198, -179, -179, -167, -138, -134, -109, -103, -100, -97, -58, -52, 11, 23, 30, 33]\n",
      "[-237, -212, -190, -188, -187, -151, -113, -70, -69, -12, -9, -7, -1, 31, 50, 75, 79, 97, 100, 101]\n",
      "[-212, -210, -200, -198, -172, -142, -134, -130, -127, -80, -55, -54, -30, -15, 15, 52, 57, 70, 88, 93]\n",
      "[-241, -202, -189, -175, -174, -158, -158, -150, -143, -106, -72, -67, -32, -28, 32, 50, 51, 58, 74, 93]\n",
      "[-242, -239, -239, -230, -177, -174, -157, -87, -63, -63, 12, 17, 28, 33, 33, 47, 73, 78, 91, 99]\n",
      "[-241, -201, -199, -184, -173, -158, -144, -120, -98, -92, -89, -73, -63, -44, -34, -30, -20, 28, 37, 80]\n",
      "[-250, -229, -224, -214, -204, -203, -202, -158, -152, -62, -60, -37, -8, 5, 11, 54, 54, 82, 91, 94]\n",
      "[-243, -240, -207, -204, -201, -195, -195, -136, -117, -112, -104, -70, -67, 28, 31, 46, 64, 75, 88, 94]\n",
      "[-240, -224, -206, -179, -177, -167, -156, -153, -122, -105, -94, -79, -76, -75, -59, -45, -38, -34, 32, 66]\n",
      "[-234, -226, -193, -173, -170, -134, -118, -116, -112, -110, -82, -68, -48, -34, -29, -5, 46, 63, 78, 95]\n",
      "[-234, -233, -204, -202, -171, -169, -159, -140, -134, -125, -111, -65, -63, -14, 22, 25, 28, 34, 35, 39]\n",
      "[-247, -244, -239, -187, -172, -148, -142, -134, -103, -51, -35, -31, -19, -15, 11, 12, 22, 87, 88, 98]\n",
      "[-202, -176, -163, -151, -145, -132, -129, -123, -79, -24, -3, 9, 12, 17, 30, 57, 58, 61, 70, 75]\n",
      "[-244, -181, -180, -176, -145, -138, -93, -86, -84, -74, -69, -55, -55, -47, -30, -6, -1, 30, 58, 69]\n",
      "[-239, -235, -223, -200, -179, -129, -119, -110, -84, -41, -38, -36, -31, -22, -1, 9, 17, 66, 74, 87]\n"
     ]
    }
   ],
   "source": [
    "# Сортировка вставкой\n",
    "def vstavka(a,m):\n",
    "    for q in range(m):#выбираем одну из м строчек\n",
    "        for i in range(1, len(a[q])):\n",
    "            t = a[q][i]# сохранняем переменную которую будем сортировать\n",
    "            j = i - 1# берем индекс на 1 меньше чем у сохраненного значения\n",
    "            while (j>=0 and t<a[q][j]):# проходимся по всему списку, если индекс больше или равен нулю и значение \n",
    "                #которое мы сохранили больше того что было до него, то на место этого значения ставим число больше сохраненного\n",
    "                a[q][j+1] = a[q][j]\n",
    "                j= j - 1\n",
    "            a[q][j+1] = t# подставляем сохраненное число на место которое осталось не заолоненом\n",
    "    return a\n",
    "a2=a.copy()\n",
    "start_time = time.time ()\n",
    "vstavka(a2,m)\n",
    "print(\"--- {0} ms ---\".format(round((time.time() - start_time)*1000)))\n",
    "for k in range(m):#вывод результата\n",
    "    print(a2[k])"
   ]
  },
  {
   "cell_type": "code",
   "execution_count": 12,
   "id": "36bf151e",
   "metadata": {},
   "outputs": [
    {
     "name": "stdout",
     "output_type": "stream",
     "text": [
      "--- 0 ms ---\n",
      "[-250, -229, -224, -214, -204, -203, -202, -158, -152, -62, -60, -37, -8, 5, 11, 54, 54, 82, 91, 94]\n",
      "[-248, -240, -231, -222, -204, -139, -109, -106, -103, -77, -57, -34, -22, -18, -11, 20, 21, 43, 57, 83]\n",
      "[-247, -244, -239, -187, -172, -148, -142, -134, -103, -51, -35, -31, -19, -15, 11, 12, 22, 87, 88, 98]\n",
      "[-247, -225, -224, -201, -198, -179, -179, -167, -138, -134, -109, -103, -100, -97, -58, -52, 11, 23, 30, 33]\n",
      "[-244, -181, -180, -176, -145, -138, -93, -86, -84, -74, -69, -55, -55, -47, -30, -6, -1, 30, 58, 69]\n",
      "[-243, -240, -207, -204, -201, -195, -195, -136, -117, -112, -104, -70, -67, 28, 31, 46, 64, 75, 88, 94]\n",
      "[-243, -219, -186, -185, -175, -150, -142, -134, -126, -118, -93, -80, -57, -55, -43, -8, -6, -5, 6, 69]\n",
      "[-242, -239, -239, -230, -177, -174, -157, -87, -63, -63, 12, 17, 28, 33, 33, 47, 73, 78, 91, 99]\n",
      "[-241, -202, -189, -175, -174, -158, -158, -150, -143, -106, -72, -67, -32, -28, 32, 50, 51, 58, 74, 93]\n",
      "[-241, -201, -199, -184, -173, -158, -144, -120, -98, -92, -89, -73, -63, -44, -34, -30, -20, 28, 37, 80]\n",
      "[-240, -224, -206, -179, -177, -167, -156, -153, -122, -105, -94, -79, -76, -75, -59, -45, -38, -34, 32, 66]\n",
      "[-239, -235, -223, -200, -179, -129, -119, -110, -84, -41, -38, -36, -31, -22, -1, 9, 17, 66, 74, 87]\n",
      "[-237, -212, -190, -188, -187, -151, -113, -70, -69, -12, -9, -7, -1, 31, 50, 75, 79, 97, 100, 101]\n",
      "[-234, -233, -204, -202, -171, -169, -159, -140, -134, -125, -111, -65, -63, -14, 22, 25, 28, 34, 35, 39]\n",
      "[-234, -226, -193, -173, -170, -134, -118, -116, -112, -110, -82, -68, -48, -34, -29, -5, 46, 63, 78, 95]\n",
      "[-230, -199, -171, -169, -147, -123, -111, -92, -57, -49, -43, -39, -28, -9, 17, 22, 24, 59, 70, 89]\n",
      "[-228, -227, -214, -201, -171, -137, -136, -132, -80, -80, -70, -59, -56, -36, -21, -5, 35, 38, 56, 60]\n",
      "[-223, -220, -219, -163, -160, -136, -129, -123, -122, -120, -101, -96, -86, -39, -33, 17, 36, 38, 56, 78]\n",
      "[-212, -210, -200, -198, -172, -142, -134, -130, -127, -80, -55, -54, -30, -15, 15, 52, 57, 70, 88, 93]\n",
      "[-202, -176, -163, -151, -145, -132, -129, -123, -79, -24, -3, 9, 12, 17, 30, 57, 58, 61, 70, 75]\n"
     ]
    }
   ],
   "source": [
    "# Сортировка обменом. || Сортировка пузырьком.\n",
    "def bubble_sort(a): \n",
    "    for i in range(0,len(a)-1): \n",
    "        for j in range(len(a)-1): \n",
    "            if(a[j]>a[j+1]): \n",
    "                temp = a[j] \n",
    "                a[j] = a[j+1] \n",
    "                a[j+1] = temp \n",
    "    return a \n",
    " \n",
    "a3 = a.copy() \n",
    "start_time = time.time ()\n",
    "bubble_sort(a3)\n",
    "print(\"--- {0} ms ---\".format(round((time.time() - start_time)*1000)))\n",
    "for k in range(m):\n",
    "    print(a3[k])"
   ]
  },
  {
   "cell_type": "code",
   "execution_count": 13,
   "id": "08158ba4",
   "metadata": {},
   "outputs": [
    {
     "name": "stdout",
     "output_type": "stream",
     "text": [
      "--- 0 ms ---\n",
      "[-223, -220, -219, -163, -160, -136, -129, -123, -122, -120, -101, -96, -86, -39, -33, 17, 36, 38, 56, 78]\n",
      "[-248, -240, -231, -222, -204, -139, -109, -106, -103, -77, -57, -34, -22, -18, -11, 20, 21, 43, 57, 83]\n",
      "[-230, -199, -171, -169, -147, -123, -111, -92, -57, -49, -43, -39, -28, -9, 17, 22, 24, 59, 70, 89]\n",
      "[-243, -219, -186, -185, -175, -150, -142, -134, -126, -118, -93, -80, -57, -55, -43, -8, -6, -5, 6, 69]\n",
      "[-228, -227, -214, -201, -171, -137, -136, -132, -80, -80, -70, -59, -56, -36, -21, -5, 35, 38, 56, 60]\n",
      "[-247, -225, -224, -201, -198, -179, -179, -167, -138, -134, -109, -103, -100, -97, -58, -52, 11, 23, 30, 33]\n",
      "[-237, -212, -190, -188, -187, -151, -113, -70, -69, -12, -9, -7, -1, 31, 50, 75, 79, 97, 100, 101]\n",
      "[-212, -210, -200, -198, -172, -142, -134, -130, -127, -80, -55, -54, -30, -15, 15, 52, 57, 70, 88, 93]\n",
      "[-241, -202, -189, -175, -174, -158, -158, -150, -143, -106, -72, -67, -32, -28, 32, 50, 51, 58, 74, 93]\n",
      "[-242, -239, -239, -230, -177, -174, -157, -87, -63, -63, 12, 17, 28, 33, 33, 47, 73, 78, 91, 99]\n",
      "[-241, -201, -199, -184, -173, -158, -144, -120, -98, -92, -89, -73, -63, -44, -34, -30, -20, 28, 37, 80]\n",
      "[-250, -229, -224, -214, -204, -203, -202, -158, -152, -62, -60, -37, -8, 5, 11, 54, 54, 82, 91, 94]\n",
      "[-243, -240, -207, -204, -201, -195, -195, -136, -117, -112, -104, -70, -67, 28, 31, 46, 64, 75, 88, 94]\n",
      "[-240, -224, -206, -179, -177, -167, -156, -153, -122, -105, -94, -79, -76, -75, -59, -45, -38, -34, 32, 66]\n",
      "[-234, -226, -193, -173, -170, -134, -118, -116, -112, -110, -82, -68, -48, -34, -29, -5, 46, 63, 78, 95]\n",
      "[-234, -233, -204, -202, -171, -169, -159, -140, -134, -125, -111, -65, -63, -14, 22, 25, 28, 34, 35, 39]\n",
      "[-247, -244, -239, -187, -172, -148, -142, -134, -103, -51, -35, -31, -19, -15, 11, 12, 22, 87, 88, 98]\n",
      "[-202, -176, -163, -151, -145, -132, -129, -123, -79, -24, -3, 9, 12, 17, 30, 57, 58, 61, 70, 75]\n",
      "[-244, -181, -180, -176, -145, -138, -93, -86, -84, -74, -69, -55, -55, -47, -30, -6, -1, 30, 58, 69]\n",
      "[-239, -235, -223, -200, -179, -129, -119, -110, -84, -41, -38, -36, -31, -22, -1, 9, 17, 66, 74, 87]\n"
     ]
    }
   ],
   "source": [
    "# Сортировка Шелла.\n",
    "def shela(a, m):\n",
    "    for q in range(m):\n",
    "        n = len(a[q])# длина строки матрицы\n",
    "        logo = int(math.log2(n))# берется логоритм от 2 по длине массива\n",
    "        interval = 2**logo -1# задаем интервал по следующей формуле\n",
    "        while interval > 0:# проходимся пока интервал не будет равен или меньше 0\n",
    "            for i in range(interval, n):#берем срез от значения интервала до длины ммасива\n",
    "                t = a[q][i]# фиксируем значение\n",
    "                j = i# и индекс\n",
    "                while j >= interval and a[q][j - interval] > t:# пока индекс будет больше интервала и значение фиксируемого \n",
    "                    #числа меньше значения [j - interval] будем в место числа с фиксируемым индексом ставитьзначеине которое\n",
    "                    # было меньше\n",
    "                    a[q][j] = a[q][j - interval]\n",
    "                    j -= interval\n",
    "                a[q][j] = t# после всего ставим на фиксируемый индекс фиксируемое число\n",
    "            logo -= 1 # уменьшаем значение лого\n",
    "            interval = 2**logo -1# заново считаем интервал\n",
    "    return a\n",
    "a4 = a.copy()\n",
    "start_time = time.time ()\n",
    "shela(a4,m)\n",
    "print(\"--- {0} ms ---\".format(round((time.time() - start_time)*1000)))\n",
    "for k in range(m):\n",
    "    print(a4[k])"
   ]
  },
  {
   "cell_type": "code",
   "execution_count": 14,
   "id": "1da1a48d",
   "metadata": {},
   "outputs": [
    {
     "name": "stdout",
     "output_type": "stream",
     "text": [
      "--- 0 ms ---\n",
      "[-223, -220, -219, -163, -160, -136, -129, -123, -122, -120, -101, -96, -86, -39, -33, 17, 36, 38, 56, 78]\n",
      "[-248, -240, -231, -222, -204, -139, -109, -106, -103, -77, -57, -34, -22, -18, -11, 20, 21, 43, 57, 83]\n",
      "[-230, -199, -171, -169, -147, -123, -111, -92, -57, -49, -43, -39, -28, -9, 17, 22, 24, 59, 70, 89]\n",
      "[-243, -219, -186, -185, -175, -150, -142, -134, -126, -118, -93, -80, -57, -55, -43, -8, -6, -5, 6, 69]\n",
      "[-228, -227, -214, -201, -171, -137, -136, -132, -80, -80, -70, -59, -56, -36, -21, -5, 35, 38, 56, 60]\n",
      "[-247, -225, -224, -201, -198, -179, -179, -167, -138, -134, -109, -103, -100, -97, -58, -52, 11, 23, 30, 33]\n",
      "[-237, -212, -190, -188, -187, -151, -113, -70, -69, -12, -9, -7, -1, 31, 50, 75, 79, 97, 100, 101]\n",
      "[-212, -210, -200, -198, -172, -142, -134, -130, -127, -80, -55, -54, -30, -15, 15, 52, 57, 70, 88, 93]\n",
      "[-241, -202, -189, -175, -174, -158, -158, -150, -143, -106, -72, -67, -32, -28, 32, 50, 51, 58, 74, 93]\n",
      "[-242, -239, -239, -230, -177, -174, -157, -87, -63, -63, 12, 17, 28, 33, 33, 47, 73, 78, 91, 99]\n",
      "[-241, -201, -199, -184, -173, -158, -144, -120, -98, -92, -89, -73, -63, -44, -34, -30, -20, 28, 37, 80]\n",
      "[-250, -229, -224, -214, -204, -203, -202, -158, -152, -62, -60, -37, -8, 5, 11, 54, 54, 82, 91, 94]\n",
      "[-243, -240, -207, -204, -201, -195, -195, -136, -117, -112, -104, -70, -67, 28, 31, 46, 64, 75, 88, 94]\n",
      "[-240, -224, -206, -179, -177, -167, -156, -153, -122, -105, -94, -79, -76, -75, -59, -45, -38, -34, 32, 66]\n",
      "[-234, -226, -193, -173, -170, -134, -118, -116, -112, -110, -82, -68, -48, -34, -29, -5, 46, 63, 78, 95]\n",
      "[-234, -233, -204, -202, -171, -169, -159, -140, -134, -125, -111, -65, -63, -14, 22, 25, 28, 34, 35, 39]\n",
      "[-247, -244, -239, -187, -172, -148, -142, -134, -103, -51, -35, -31, -19, -15, 11, 12, 22, 87, 88, 98]\n",
      "[-202, -176, -163, -151, -145, -132, -129, -123, -79, -24, -3, 9, 12, 17, 30, 57, 58, 61, 70, 75]\n",
      "[-244, -181, -180, -176, -145, -138, -93, -86, -84, -74, -69, -55, -55, -47, -30, -6, -1, 30, 58, 69]\n",
      "[-239, -235, -223, -200, -179, -129, -119, -110, -84, -41, -38, -36, -31, -22, -1, 9, 17, 66, 74, 87]\n"
     ]
    }
   ],
   "source": [
    "# Быстрая сортировка.\n",
    "def quickSort(a):\n",
    "        if len(a)> 1:\n",
    "            pivot=a.pop()\n",
    "            grtr_lst, equal_lst, smlr_lst = [], [pivot], []\n",
    "            for item in a:\n",
    "                if item == pivot:\n",
    "                    equal_lst.append(item)\n",
    "                elif item > pivot:\n",
    "                    grtr_lst.append(item)\n",
    "                else:\n",
    "                    smlr_lst.append(item)\n",
    "            return(quickSort(smlr_lst) + equal_lst + quickSort(grtr_lst))\n",
    "        else:\n",
    "            return(a)\n",
    "b = []\n",
    "a6 = a.copy()\n",
    "start_time = time.time()\n",
    "for i in range(m):\n",
    "    b.append(quickSort(a[i]))\n",
    "\n",
    "print(\"--- {0} ms ---\".format(round((time.time() - start_time)*1000)))\n",
    "for i in range(m):\n",
    "    print(b[i])"
   ]
  },
  {
   "cell_type": "code",
   "execution_count": null,
   "id": "96e63b74",
   "metadata": {},
   "outputs": [],
   "source": [
    "# Турнирная сортировка.\n",
    "# Класс, реализующий преоритетную очередь-кучу\n",
    "class PriorityQueue:\n",
    "    def __init__(self):# объявление внутреннего массива\n",
    "        self.heap = []\n",
    "        \n",
    "    @property\n",
    "    def size(self):\n",
    "        return len(self.heap)#  возвращает длину внутреннего массива\n",
    "        \n",
    "    def get_right_child(self, index):# нахождение индекса правого значение после у нас возможны 2 значения поэтому есть пр и лв\n",
    "        if 2 * index < self.size and index >= 0:\n",
    "            return 2 * index + 1\n",
    "        return -1\n",
    "\n",
    "    def get_left_child(self, index):# нахождение индекса легового занчения после\n",
    "        if 2 * index < self.size + 1 and index >= 0:\n",
    "            return 2 * index + 2\n",
    "        return -1\n",
    "\n",
    "    def get_parent(self, index):# нахождение индекса занчения \n",
    "        if index > 0 and index - 1 < self.size:\n",
    "            return index // 2\n",
    "        return -1\n",
    "    \n",
    "    def swap(self, a, b):# меняет 2 значения в списке местами\n",
    "        self.heap[a], self.heap[b] = self.heap[b], self.heap[a]\n",
    "\n",
    "    def heapify(self, index):# востанавливает очередь от маленького до дольшого\n",
    "        l = 2 * index + 1\n",
    "        r = l + 1\n",
    "\n",
    "        smallest = index\n",
    "\n",
    "        if l < self.size and l >= 0:\n",
    "            if self.heap[l] < self.heap[smallest]:\n",
    "                smallest = l\n",
    "\n",
    "        if r < self.size and r >= 0:\n",
    "            if self.heap[r] < self.heap[smallest]:\n",
    "                smallest = r\n",
    "\n",
    "        if smallest != index:\n",
    "            self.swap(index, smallest)\n",
    "            self.heapify(smallest)\n",
    "\n",
    "    def pop(self):# замена мест, в начало продвигают большие\n",
    "        last = self.heap.pop()# берет последний элемент массива и удаляется из него присваевается в ласт\n",
    "        \n",
    "        if self.size > 0:# если длина массива класса больше нуля\n",
    "            min = self.heap[0]#  то минимальное значение будет равно первому значению массива\n",
    "            self.heap[0] = last# позже мы на это место записываем ласт\n",
    "            self.heapify(0)# переходим в heapify с индоксом 0\n",
    "            return min#возвращаем значение из переменной мин\n",
    "        else:\n",
    "            return last#если длина меньше нуля то просто передаем последний элемент из мессива\n",
    "\n",
    "    def decrease(self, index, item):# перенос значений\n",
    "        heap = self.heap# копируем массив в ф-ю\n",
    "        \n",
    "        while index > 0:# если индекс который мы подали больше 0\n",
    "            parent_index = (index - 1) >> 1 # находим под каким индексоз начение до \n",
    "            parent = heap[parent_index]# берем само это значение\n",
    "            if parent > item:# если значение до больше значения сейчас \n",
    "                heap[index] = parent# на место этго элемента ставиться значение до\n",
    "                index = parent_index # индекс становиться как у значени до\n",
    "            else: break\n",
    "        heap[index] = item\n",
    "\n",
    "    def push(self, item):# \n",
    "        self.heap.append(item)#добавляем это значение в массив\n",
    "        self.decrease(self.size - 1, item)# отправляем его на сортировку\n",
    "\n",
    "def tournament_sort(arr):\n",
    "    size = len(arr)#длина строки\n",
    "    max_size = 16# максимадьная длина\n",
    "    pq = PriorityQueue()#обюявление сокращенного названия для класса\n",
    "    \n",
    "    while(pq.size < max_size and len(arr) > 0):# пока дина меньше максимальной и сама длина больше 0\n",
    "        pq.push(arr.pop(0))# вызываем функцию пуш класса, в нее подаем первый ссымвол из массива\n",
    "    \n",
    "    winners = []# создаем массивы для победителя\n",
    "    losers = []# и проигравшего\n",
    "    \n",
    "    while len(arr) > 0:# пока длина массива будет больше 0\n",
    "        if len(winners) == 0: # если длина победителя равна 0\n",
    "            winners.append(pq.pop())#тогда \n",
    "        if arr[0] > winners[-1]:# если первое значение массива больше последнего значения выигрыша\n",
    "            pq.push(arr.pop(0))# вызываем функцию пуш класса, в нее подаем первый ссымвол из массива\n",
    "        else:\n",
    "            losers.append(arr.pop(0))# инача записываем первое згначение из массива в лузеры\n",
    "        \n",
    "        if pq.size > 0: #если длина списка который у нас в классе больше 0\n",
    "            winners.append(pq.pop()) \n",
    "    \n",
    "    while pq.size > 0:#если длина массива класса будет больше 0\n",
    "        winners.append(pq.pop()) \n",
    "        \n",
    "    if len(losers) == 0:# если в массиве лузеры нет элементов то возвращаем массива победители\n",
    "        return winners\n",
    "    \n",
    "    losers = tournament_sort(losers)# массив лузеры подаются сново на сортировку\n",
    "    \n",
    "def merge(array_a, array_b, result):# сливает 2 массива в один и возращает его\n",
    "    a = 0\n",
    "    b = 0\n",
    "    r = 0\n",
    "    while a < len(array_a) and b < len(array_b):\n",
    "        if array_a[a] < array_b[b]:\n",
    "            result[r] = array_a[a]\n",
    "            a += 1\n",
    "        else:\n",
    "            result[r] = array_b[b]\n",
    "            b += 1\n",
    "        r += 1\n",
    "    while a < len(array_a):\n",
    "        result[r] = array_a[a]\n",
    "        a += 1\n",
    "        r += 1\n",
    "    while b < len(array_b):\n",
    "        result[r] = array_b[b]\n",
    "        b += 1\n",
    "        r += 1\n",
    "    \n",
    "    arr = list(range(size))\n",
    "    merge(losers, winners, arr)\n",
    "    return arr;\n",
    "\n",
    "arr = a.copy()\n",
    "start_time = time.time()\n",
    "\n",
    "arr = tournament_sort(arr)\n",
    "\n",
    "print(\"--- {0} ms ---\".format(round((time.time() - start_time)*1000)))\n",
    "for k in range(m):\n",
    "    print(arr[k])"
   ]
  },
  {
   "cell_type": "code",
   "execution_count": null,
   "id": "6297edb5",
   "metadata": {},
   "outputs": [],
   "source": []
  }
 ],
 "metadata": {
  "kernelspec": {
   "display_name": "Python 3 (ipykernel)",
   "language": "python",
   "name": "python3"
  },
  "language_info": {
   "codemirror_mode": {
    "name": "ipython",
    "version": 3
   },
   "file_extension": ".py",
   "mimetype": "text/x-python",
   "name": "python",
   "nbconvert_exporter": "python",
   "pygments_lexer": "ipython3",
   "version": "3.9.7"
  }
 },
 "nbformat": 4,
 "nbformat_minor": 5
}
